RECTYPE,CNTBTCH,CNTITEM,IDCUST,IDINVC,TEXTTRX,INVCDESC,DATEINVC,SWMANRTE,DATEDUE,SWTAXBL,SWMANTX,CODETAXGRP,TAXSTTS1,AMTTAX1,FISCYR,FISCPER,
RECTYPE,CNTBTCH,CNTITEM,CNTLINE,TEXTDESC,AMTEXTN,SWMANLTX,TAXSTTS1,IDACCTREV,COMMENT,ITEMTAX,,,,,,,
RECTYPE,CNTBTCH,CNTITEM,CNTPAYM,DATEDUE,AMTDUE,,,,,,,,,,,,
1,,1,300033017,CN600391,3,AP-MONTH=12,20191219,0,20200118,1,1,GST,3,1.74,2019,12
2,,1,1,Admin Fee /TS# /Job#200146260,28.95,0,1,3102-243, /Batch # /Timesheet #,1.74
3,,1,1,20200118,30.69
1,,1,300033017,CN600392,3,AP-MONTH=12,20191219,0,20200118,1,1,GST,3,1.74,2019,12
2,,1,1,Admin Fee /TS# /Job#200146260,28.95,0,1,3102-243, /Batch # /Timesheet #,1.74
3,,1,1,20200118,30.69
1,,1,300033017,CN600393,3,AP-MONTH=12,20191219,0,20200118,1,1,GST,3,1.68,2019,12
2,,1,1,Admin Fee /TS# /Job#200146260,4.03,0,1,3102-243, /Batch # /Timesheet #,0.24
2,,1,2,Admin Fee /TS# /Job#200156683,23.97,0,1,3102-243, /Batch # /Timesheet #,1.44
3,,1,1,20200118,29.68
1,,1,300033017,CN600394,3,AP-MONTH=12,20191219,0,20200118,1,1,GST,3,1.72,2019,12
2,,1,1,Admin Fee /TS# /Job#200156683,28.59,0,1,3102-243, /Batch # /Timesheet #,1.72
3,,1,1,20200118,30.31
1,,1,300033017,CN600395,3,AP-MONTH=12,20191219,0,20200118,1,1,GST,3,0.90,2019,12
2,,1,1,Admin Fee /TS# /Job#200156683,14.94,0,1,3102-243, /Batch # /Timesheet #,0.90
3,,1,1,20200118,15.84
1,,1,300033017,CN600396,3,AP-MONTH=12,20191219,0,20200118,1,1,GST,3,1.65,2019,12
2,,1,1,Admin Fee /TS# /Job#200156683,27.42,0,1,3102-243, /Batch # /Timesheet #,1.65
3,,1,1,20200118,29.07
1,,1,300033017,CN600397,3,AP-MONTH=12,20191219,0,20200118,1,1,GST,3,0.78,2019,12
2,,1,1,Admin Fee /TS# /Job#200156683,13.07,0,1,3102-243, /Batch # /Timesheet #,0.78
3,,1,1,20200118,13.85
1,,1,300033017,CN600398,3,AP-MONTH=12,20191219,0,20200118,1,1,GST,3,1.24,2019,12
2,,1,1,Admin Fee /TS# /Job#200156683,20.73,0,1,3102-243, /Batch # /Timesheet #,1.24
3,,1,1,20200118,21.97
1,,1,300033017,CN600399,3,AP-MONTH=12,20191219,0,20200118,1,1,SST,1,0.84,2019,12
2,,1,1,Admin Fee /TS# /Job#200156683,14.08,0,1,3102-243, /Batch # /Timesheet #,0.84
3,,1,1,20200118,14.92
1,,1,300033017,CN600400,3,AP-MONTH=12,20191219,0,20200118,1,1,SST,1,0.70,2019,12
2,,1,1,Admin Fee /TS# /Job#200156683,11.64,0,1,3102-243, /Batch # /Timesheet #,0.70
3,,1,1,20200118,12.34
1,,1,300033017,CN600401,3,AP-MONTH=12,20191219,0,20200118,1,1,SST,1,0.86,2019,12
2,,1,1,Admin Fee /TS# /Job#200156683,14.35,0,1,3102-243, /Batch # /Timesheet #,0.86
3,,1,1,20200118,15.21
1,,1,300034196,CN600402,3,AP-MONTH=12,20191230,0,20200213,1,1,SST,1,262.20,2019,12
2,,1,1,Outsource Fee /TS# /Job#200161220,4370.00,0,1,3102-813, /Batch # /Timesheet #,262.20
3,,1,1,20200213,4632.20
